(kicad_pcb (version 20171130) (host pcbnew "(5.1.0)-1")

  (general
    (thickness 1.6)
    (drawings 10)
    (tracks 905)
    (zones 0)
    (modules 75)
    (nets 57)
  )

  (page A4)
  (layers
    (0 F.Cu signal)
    (31 B.Cu signal)
    (32 B.Adhes user)
    (33 F.Adhes user)
    (34 B.Paste user)
    (35 F.Paste user)
    (36 B.SilkS user)
    (37 F.SilkS user)
    (38 B.Mask user)
    (39 F.Mask user)
    (40 Dwgs.User user)
    (41 Cmts.User user)
    (42 Eco1.User user)
    (43 Eco2.User user)
    (44 Edge.Cuts user)
    (45 Margin user)
    (46 B.CrtYd user)
    (47 F.CrtYd user)
    (48 B.Fab user)
    (49 F.Fab user hide)
  )

  (setup
    (last_trace_width 0.254)
    (user_trace_width 0.254)
    (user_trace_width 0.508)
    (user_trace_width 1.016)
    (user_trace_width 1.524)
    (trace_clearance 0.127)
    (zone_clearance 0.508)
    (zone_45_only no)
    (trace_min 0.254)
    (via_size 0.508)
    (via_drill 0.254)
    (via_min_size 0.508)
    (via_min_drill 0.254)
    (user_via 0.508 0.254)
    (user_via 1.016 0.508)
    (user_via 2.032 1.016)
    (user_via 3.048 1.524)
    (uvia_size 0.3)
    (uvia_drill 0.1)
    (uvias_allowed no)
    (uvia_min_size 0.2)
    (uvia_min_drill 0.1)
    (edge_width 0.05)
    (segment_width 0.2)
    (pcb_text_width 0.3)
    (pcb_text_size 1.5 1.5)
    (mod_edge_width 0.12)
    (mod_text_size 1 1)
    (mod_text_width 0.15)
    (pad_size 1.524 1.524)
    (pad_drill 0.762)
    (pad_to_mask_clearance 0.051)
    (solder_mask_min_width 0.25)
    (aux_axis_origin 0 0)
    (visible_elements 7FFFFFFF)
    (pcbplotparams
      (layerselection 0x010fc_ffffffff)
      (usegerberextensions false)
      (usegerberattributes false)
      (usegerberadvancedattributes false)
      (creategerberjobfile false)
      (excludeedgelayer true)
      (linewidth 0.100000)
      (plotframeref false)
      (viasonmask false)
      (mode 1)
      (useauxorigin false)
      (hpglpennumber 1)
      (hpglpenspeed 20)
      (hpglpendiameter 15.000000)
      (psnegative false)
      (psa4output false)
      (plotreference true)
      (plotvalue true)
      (plotinvisibletext false)
      (padsonsilk false)
      (subtractmaskfromsilk false)
      (outputformat 1)
      (mirror false)
      (drillshape 1)
      (scaleselection 1)
      (outputdirectory ""))
  )

  (net 0 "")
  (net 1 GND)
  (net 2 PM_VIN)
  (net 3 VCC)
  (net 4 U4_VOUT)
  (net 5 /PWR_LED)
  (net 6 MCLR)
  (net 7 SCL1)
  (net 8 SDA1)
  (net 9 ICSPDAT)
  (net 10 ICSPCLK)
  (net 11 U7_ALERT)
  (net 12 U8_ALERT)
  (net 13 U9_ALERT)
  (net 14 U10_ALERT)
  (net 15 U11_ALERT)
  (net 16 RE2)
  (net 17 U12_FAULT)
  (net 18 U14_FAULT)
  (net 19 U3_VOUT)
  (net 20 SCL2)
  (net 21 SDA2)
  (net 22 /MCLR_BTTN)
  (net 23 U12_EN)
  (net 24 U14_EN)
  (net 25 U4_EN)
  (net 26 U7_SD)
  (net 27 U5_DIN)
  (net 28 SCLK)
  (net 29 U5_CS)
  (net 30 U16_CS)
  (net 31 /CAP_BANK_POSITIVE)
  (net 32 /Thruster_Control)
  (net 33 THRUST_CONTROL)
  (net 34 /RDY_LED)
  (net 35 /DIA2_LED)
  (net 36 /ERR_LED)
  (net 37 /DIA_LED)
  (net 38 /DBNC_DDE_PRTCTD)
  (net 39 /U12_ILIM)
  (net 40 /U14_ILIM)
  (net 41 /TC+)
  (net 42 /TC-)
  (net 43 /SPK1)
  (net 44 /SPK2)
  (net 45 /R_RDY)
  (net 46 /R_ERR)
  (net 47 /R_DIA)
  (net 48 /U7_DIAG_NET)
  (net 49 /U3-FB)
  (net 50 /U4_FB)
  (net 51 /R_DIA2)
  (net 52 /U6_VIN)
  (net 53 /U12_VOUT)
  (net 54 /U13_VIN)
  (net 55 /U15_VIN)
  (net 56 /U14_OUT)

  (net_class Default "This is the default net class."
    (clearance 0.127)
    (trace_width 0.254)
    (via_dia 0.508)
    (via_drill 0.254)
    (uvia_dia 0.3)
    (uvia_drill 0.1)
    (diff_pair_width 0.254)
    (diff_pair_gap 0.254)
    (add_net GND)
    (add_net VCC)
  )

  (net_class 10mil ""
    (clearance 0.127)
    (trace_width 0.254)
    (via_dia 0.508)
    (via_drill 0.254)
    (uvia_dia 0.3)
    (uvia_drill 0.1)
    (diff_pair_width 0.254)
    (diff_pair_gap 0.254)
    (add_net /DIA2_LED)
    (add_net /DIA_LED)
    (add_net /ERR_LED)
    (add_net /MCLR_BTTN)
    (add_net /RDY_LED)
    (add_net /R_DIA)
    (add_net /R_DIA2)
    (add_net /R_ERR)
    (add_net /R_RDY)
    (add_net /TC+)
    (add_net /TC-)
    (add_net /U12_ILIM)
    (add_net /U14_ILIM)
    (add_net ICSPCLK)
    (add_net ICSPDAT)
    (add_net MCLR)
    (add_net SCL1)
    (add_net SCL2)
    (add_net SCLK)
    (add_net SDA1)
    (add_net SDA2)
    (add_net U10_ALERT)
    (add_net U11_ALERT)
    (add_net U12_EN)
    (add_net U12_FAULT)
    (add_net U14_EN)
    (add_net U14_FAULT)
    (add_net U16_CS)
    (add_net U4_EN)
    (add_net U5_CS)
    (add_net U5_DIN)
    (add_net U7_ALERT)
    (add_net U7_SD)
    (add_net U8_ALERT)
    (add_net U9_ALERT)
  )

  (net_class 12mil ""
    (clearance 0.127)
    (trace_width 0.3048)
    (via_dia 0.6096)
    (via_drill 0.3048)
    (uvia_dia 0.3)
    (uvia_drill 0.1)
    (diff_pair_width 0.254)
    (diff_pair_gap 0.254)
    (add_net THRUST_CONTROL)
  )

  (net_class 20mil ""
    (clearance 0.127)
    (trace_width 0.508)
    (via_dia 1.016)
    (via_drill 0.508)
    (uvia_dia 0.3)
    (uvia_drill 0.1)
    (diff_pair_width 0.254)
    (diff_pair_gap 0.254)
    (add_net /DBNC_DDE_PRTCTD)
    (add_net /PWR_LED)
    (add_net /U12_VOUT)
    (add_net /U13_VIN)
    (add_net /U14_OUT)
    (add_net /U15_VIN)
  )

  (net_class 40mil ""
    (clearance 0.127)
    (trace_width 1.016)
    (via_dia 2.032)
    (via_drill 1.016)
    (uvia_dia 0.3)
    (uvia_drill 0.1)
    (diff_pair_width 0.254)
    (diff_pair_gap 0.254)
    (add_net /CAP_BANK_POSITIVE)
    (add_net /SPK1)
    (add_net /SPK2)
    (add_net /Thruster_Control)
    (add_net /U3-FB)
    (add_net /U4_FB)
    (add_net /U6_VIN)
    (add_net PM_VIN)
    (add_net RE2)
    (add_net U3_VOUT)
    (add_net U4_VOUT)
  )

  (net_class 60mil ""
    (clearance 0.127)
    (trace_width 1.524)
    (via_dia 3.048)
    (via_drill 1.524)
    (uvia_dia 0.3)
    (uvia_drill 0.1)
    (diff_pair_width 0.254)
    (diff_pair_gap 0.254)
    (add_net /U7_DIAG_NET)
  )

  (module Capacitor_SMD:C_2220_5650Metric (layer B.Cu) (tedit 5B301BBE) (tstamp 5CB9748B)
    (at 179.55 139)
    (descr "Capacitor SMD 2220 (5650 Metric), square (rectangular) end terminal, IPC_7351 nominal, (Body size from: http://datasheets.avx.com/AVX-HV_MLCC.pdf), generated with kicad-footprint-generator")
    (tags capacitor)
    (path /5D422246)
    (attr smd)
    (fp_text reference CD1 (at -6.55 1) (layer B.SilkS)
      (effects (font (size 1 1) (thickness 0.15)) (justify mirror))
    )
    (fp_text value 0.47u (at -6.55 -1) (layer B.Fab)
      (effects (font (size 1 1) (thickness 0.15)) (justify mirror))
    )
    (fp_text user %R (at 0 0) (layer B.Fab)
      (effects (font (size 1 1) (thickness 0.15)) (justify mirror))
    )
    (fp_line (start 3.7 -2.95) (end -3.7 -2.95) (layer B.CrtYd) (width 0.05))
    (fp_line (start 3.7 2.95) (end 3.7 -2.95) (layer B.CrtYd) (width 0.05))
    (fp_line (start -3.7 2.95) (end 3.7 2.95) (layer B.CrtYd) (width 0.05))
    (fp_line (start -3.7 -2.95) (end -3.7 2.95) (layer B.CrtYd) (width 0.05))
    (fp_line (start -1.415748 -2.61) (end 1.415748 -2.61) (layer B.SilkS) (width 0.12))
    (fp_line (start -1.415748 2.61) (end 1.415748 2.61) (layer B.SilkS) (width 0.12))
    (fp_line (start 2.85 -2.5) (end -2.85 -2.5) (layer B.Fab) (width 0.1))
    (fp_line (start 2.85 2.5) (end 2.85 -2.5) (layer B.Fab) (width 0.1))
    (fp_line (start -2.85 2.5) (end 2.85 2.5) (layer B.Fab) (width 0.1))
    (fp_line (start -2.85 -2.5) (end -2.85 2.5) (layer B.Fab) (width 0.1))
    (pad 2 smd roundrect (at 2.55 0) (size 1.8 5.4) (layers B.Cu B.Paste B.Mask) (roundrect_rratio 0.138889)
      (net 1 GND))
    (pad 1 smd roundrect (at -2.55 0) (size 1.8 5.4) (layers B.Cu B.Paste B.Mask) (roundrect_rratio 0.138889)
      (net 31 /CAP_BANK_POSITIVE))
    (model ${KISYS3DMOD}/Capacitor_SMD.3dshapes/C_2220_5650Metric.wrl
      (at (xyz 0 0 0))
      (scale (xyz 1 1 1))
      (rotate (xyz 0 0 0))
    )
  )

  (module Capacitor_SMD:C_2220_5650Metric (layer B.Cu) (tedit 5B301BBE) (tstamp 5CB9730B)
    (at 179.45 132)
    (descr "Capacitor SMD 2220 (5650 Metric), square (rectangular) end terminal, IPC_7351 nominal, (Body size from: http://datasheets.avx.com/AVX-HV_MLCC.pdf), generated with kicad-footprint-generator")
    (tags capacitor)
    (path /5D422936)
    (attr smd)
    (fp_text reference CD2 (at -6.45 1) (layer B.SilkS)
      (effects (font (size 1 1) (thickness 0.15)) (justify mirror))
    )
    (fp_text value 0.47u (at -6.45 -1) (layer B.Fab)
      (effects (font (size 1 1) (thickness 0.15)) (justify mirror))
    )
    (fp_line (start -2.85 -2.5) (end -2.85 2.5) (layer B.Fab) (width 0.1))
    (fp_line (start -2.85 2.5) (end 2.85 2.5) (layer B.Fab) (width 0.1))
    (fp_line (start 2.85 2.5) (end 2.85 -2.5) (layer B.Fab) (width 0.1))
    (fp_line (start 2.85 -2.5) (end -2.85 -2.5) (layer B.Fab) (width 0.1))
    (fp_line (start -1.415748 2.61) (end 1.415748 2.61) (layer B.SilkS) (width 0.12))
    (fp_line (start -1.415748 -2.61) (end 1.415748 -2.61) (layer B.SilkS) (width 0.12))
    (fp_line (start -3.7 -2.95) (end -3.7 2.95) (layer B.CrtYd) (width 0.05))
    (fp_line (start -3.7 2.95) (end 3.7 2.95) (layer B.CrtYd) (width 0.05))
    (fp_line (start 3.7 2.95) (end 3.7 -2.95) (layer B.CrtYd) (width 0.05))
    (fp_line (start 3.7 -2.95) (end -3.7 -2.95) (layer B.CrtYd) (width 0.05))
    (fp_text user %R (at 0 0) (layer B.Fab)
      (effects (font (size 1 1) (thickness 0.15)) (justify mirror))
    )
    (pad 1 smd roundrect (at -2.55 0) (size 1.8 5.4) (layers B.Cu B.Paste B.Mask) (roundrect_rratio 0.138889)
      (net 31 /CAP_BANK_POSITIVE))
    (pad 2 smd roundrect (at 2.55 0) (size 1.8 5.4) (layers B.Cu B.Paste B.Mask) (roundrect_rratio 0.138889)
      (net 1 GND))
    (model ${KISYS3DMOD}/Capacitor_SMD.3dshapes/C_2220_5650Metric.wrl
      (at (xyz 0 0 0))
      (scale (xyz 1 1 1))
      (rotate (xyz 0 0 0))
    )
  )

  (module Capacitor_SMD:C_2220_5650Metric (layer B.Cu) (tedit 5B301BBE) (tstamp 5CB9745B)
    (at 179.45 125)
    (descr "Capacitor SMD 2220 (5650 Metric), square (rectangular) end terminal, IPC_7351 nominal, (Body size from: http://datasheets.avx.com/AVX-HV_MLCC.pdf), generated with kicad-footprint-generator")
    (tags capacitor)
    (path /5D422CF5)
    (attr smd)
    (fp_text reference CD3 (at -6.45 1) (layer B.SilkS)
      (effects (font (size 1 1) (thickness 0.15)) (justify mirror))
    )
    (fp_text value 0.47u (at -6.45 -1) (layer B.Fab)
      (effects (font (size 1 1) (thickness 0.15)) (justify mirror))
    )
    (fp_line (start -2.85 -2.5) (end -2.85 2.5) (layer B.Fab) (width 0.1))
    (fp_line (start -2.85 2.5) (end 2.85 2.5) (layer B.Fab) (width 0.1))
    (fp_line (start 2.85 2.5) (end 2.85 -2.5) (layer B.Fab) (width 0.1))
    (fp_line (start 2.85 -2.5) (end -2.85 -2.5) (layer B.Fab) (width 0.1))
    (fp_line (start -1.415748 2.61) (end 1.415748 2.61) (layer B.SilkS) (width 0.12))
    (fp_line (start -1.415748 -2.61) (end 1.415748 -2.61) (layer B.SilkS) (width 0.12))
    (fp_line (start -3.7 -2.95) (end -3.7 2.95) (layer B.CrtYd) (width 0.05))
    (fp_line (start -3.7 2.95) (end 3.7 2.95) (layer B.CrtYd) (width 0.05))
    (fp_line (start 3.7 2.95) (end 3.7 -2.95) (layer B.CrtYd) (width 0.05))
    (fp_line (start 3.7 -2.95) (end -3.7 -2.95) (layer B.CrtYd) (width 0.05))
    (fp_text user %R (at 0 0) (layer B.Fab)
      (effects (font (size 1 1) (thickness 0.15)) (justify mirror))
    )
    (pad 1 smd roundrect (at -2.55 0) (size 1.8 5.4) (layers B.Cu B.Paste B.Mask) (roundrect_rratio 0.138889)
      (net 31 /CAP_BANK_POSITIVE))
    (pad 2 smd roundrect (at 2.55 0) (size 1.8 5.4) (layers B.Cu B.Paste B.Mask) (roundrect_rratio 0.138889)
      (net 1 GND))
    (model ${KISYS3DMOD}/Capacitor_SMD.3dshapes/C_2220_5650Metric.wrl
      (at (xyz 0 0 0))
      (scale (xyz 1 1 1))
      (rotate (xyz 0 0 0))
    )
  )

  (module Capacitor_SMD:C_2220_5650Metric (layer B.Cu) (tedit 5B301BBE) (tstamp 5CB9736B)
    (at 179.45 118)
    (descr "Capacitor SMD 2220 (5650 Metric), square (rectangular) end terminal, IPC_7351 nominal, (Body size from: http://datasheets.avx.com/AVX-HV_MLCC.pdf), generated with kicad-footprint-generator")
    (tags capacitor)
    (path /5D42411B)
    (attr smd)
    (fp_text reference CD4 (at -6.45 1) (layer B.SilkS)
      (effects (font (size 1 1) (thickness 0.15)) (justify mirror))
    )
    (fp_text value 0.47u (at -6.45 -1) (layer B.Fab)
      (effects (font (size 1 1) (thickness 0.15)) (justify mirror))
    )
    (fp_text user %R (at 0 0) (layer B.Fab)
      (effects (font (size 1 1) (thickness 0.15)) (justify mirror))
    )
    (fp_line (start 3.7 -2.95) (end -3.7 -2.95) (layer B.CrtYd) (width 0.05))
    (fp_line (start 3.7 2.95) (end 3.7 -2.95) (layer B.CrtYd) (width 0.05))
    (fp_line (start -3.7 2.95) (end 3.7 2.95) (layer B.CrtYd) (width 0.05))
    (fp_line (start -3.7 -2.95) (end -3.7 2.95) (layer B.CrtYd) (width 0.05))
    (fp_line (start -1.415748 -2.61) (end 1.415748 -2.61) (layer B.SilkS) (width 0.12))
    (fp_line (start -1.415748 2.61) (end 1.415748 2.61) (layer B.SilkS) (width 0.12))
    (fp_line (start 2.85 -2.5) (end -2.85 -2.5) (layer B.Fab) (width 0.1))
    (fp_line (start 2.85 2.5) (end 2.85 -2.5) (layer B.Fab) (width 0.1))
    (fp_line (start -2.85 2.5) (end 2.85 2.5) (layer B.Fab) (width 0.1))
    (fp_line (start -2.85 -2.5) (end -2.85 2.5) (layer B.Fab) (width 0.1))
    (pad 2 smd roundrect (at 2.55 0) (size 1.8 5.4) (layers B.Cu B.Paste B.Mask) (roundrect_rratio 0.138889)
      (net 1 GND))
    (pad 1 smd roundrect (at -2.55 0) (size 1.8 5.4) (layers B.Cu B.Paste B.Mask) (roundrect_rratio 0.138889)
      (net 31 /CAP_BANK_POSITIVE))
    (model ${KISYS3DMOD}/Capacitor_SMD.3dshapes/C_2220_5650Metric.wrl
      (at (xyz 0 0 0))
      (scale (xyz 1 1 1))
      (rotate (xyz 0 0 0))
    )
  )

  (module Capacitor_SMD:C_2220_5650Metric (layer B.Cu) (tedit 5B301BBE) (tstamp 5CB973CB)
    (at 179.45 111)
    (descr "Capacitor SMD 2220 (5650 Metric), square (rectangular) end terminal, IPC_7351 nominal, (Body size from: http://datasheets.avx.com/AVX-HV_MLCC.pdf), generated with kicad-footprint-generator")
    (tags capacitor)
    (path /5CAD2568)
    (attr smd)
    (fp_text reference CD5 (at -6.55 1) (layer B.SilkS)
      (effects (font (size 1 1) (thickness 0.15)) (justify mirror))
    )
    (fp_text value 0.47u (at -6.55 -1) (layer B.Fab)
      (effects (font (size 1 1) (thickness 0.15)) (justify mirror))
    )
    (fp_line (start -2.85 -2.5) (end -2.85 2.5) (layer B.Fab) (width 0.1))
    (fp_line (start -2.85 2.5) (end 2.85 2.5) (layer B.Fab) (width 0.1))
    (fp_line (start 2.85 2.5) (end 2.85 -2.5) (layer B.Fab) (width 0.1))
    (fp_line (start 2.85 -2.5) (end -2.85 -2.5) (layer B.Fab) (width 0.1))
    (fp_line (start -1.415748 2.61) (end 1.415748 2.61) (layer B.SilkS) (width 0.12))
    (fp_line (start -1.415748 -2.61) (end 1.415748 -2.61) (layer B.SilkS) (width 0.12))
    (fp_line (start -3.7 -2.95) (end -3.7 2.95) (layer B.CrtYd) (width 0.05))
    (fp_line (start -3.7 2.95) (end 3.7 2.95) (layer B.CrtYd) (width 0.05))
    (fp_line (start 3.7 2.95) (end 3.7 -2.95) (layer B.CrtYd) (width 0.05))
    (fp_line (start 3.7 -2.95) (end -3.7 -2.95) (layer B.CrtYd) (width 0.05))
    (fp_text user %R (at 0 0) (layer B.Fab)
      (effects (font (size 1 1) (thickness 0.15)) (justify mirror))
    )
    (pad 1 smd roundrect (at -2.55 0) (size 1.8 5.4) (layers B.Cu B.Paste B.Mask) (roundrect_rratio 0.138889)
      (net 31 /CAP_BANK_POSITIVE))
    (pad 2 smd roundrect (at 2.55 0) (size 1.8 5.4) (layers B.Cu B.Paste B.Mask) (roundrect_rratio 0.138889)
      (net 1 GND))
    (model ${KISYS3DMOD}/Capacitor_SMD.3dshapes/C_2220_5650Metric.wrl
      (at (xyz 0 0 0))
      (scale (xyz 1 1 1))
      (rotate (xyz 0 0 0))
    )
  )

  (module Capacitor_SMD:C_2220_5650Metric (layer B.Cu) (tedit 5B301BBE) (tstamp 5CB9742B)
    (at 179.45 104)
    (descr "Capacitor SMD 2220 (5650 Metric), square (rectangular) end terminal, IPC_7351 nominal, (Body size from: http://datasheets.avx.com/AVX-HV_MLCC.pdf), generated with kicad-footprint-generator")
    (tags capacitor)
    (path /5CAD28E9)
    (attr smd)
    (fp_text reference CD6 (at -6.45 1) (layer B.SilkS)
      (effects (font (size 1 1) (thickness 0.15)) (justify mirror))
    )
    (fp_text value 0.47u (at -6.45 -1) (layer B.Fab)
      (effects (font (size 1 1) (thickness 0.15)) (justify mirror))
    )
    (fp_text user %R (at 0 0) (layer B.Fab)
      (effects (font (size 1 1) (thickness 0.15)) (justify mirror))
    )
    (fp_line (start 3.7 -2.95) (end -3.7 -2.95) (layer B.CrtYd) (width 0.05))
    (fp_line (start 3.7 2.95) (end 3.7 -2.95) (layer B.CrtYd) (width 0.05))
    (fp_line (start -3.7 2.95) (end 3.7 2.95) (layer B.CrtYd) (width 0.05))
    (fp_line (start -3.7 -2.95) (end -3.7 2.95) (layer B.CrtYd) (width 0.05))
    (fp_line (start -1.415748 -2.61) (end 1.415748 -2.61) (layer B.SilkS) (width 0.12))
    (fp_line (start -1.415748 2.61) (end 1.415748 2.61) (layer B.SilkS) (width 0.12))
    (fp_line (start 2.85 -2.5) (end -2.85 -2.5) (layer B.Fab) (width 0.1))
    (fp_line (start 2.85 2.5) (end 2.85 -2.5) (layer B.Fab) (width 0.1))
    (fp_line (start -2.85 2.5) (end 2.85 2.5) (layer B.Fab) (width 0.1))
    (fp_line (start -2.85 -2.5) (end -2.85 2.5) (layer B.Fab) (width 0.1))
    (pad 2 smd roundrect (at 2.55 0) (size 1.8 5.4) (layers B.Cu B.Paste B.Mask) (roundrect_rratio 0.138889)
      (net 1 GND))
    (pad 1 smd roundrect (at -2.55 0) (size 1.8 5.4) (layers B.Cu B.Paste B.Mask) (roundrect_rratio 0.138889)
      (net 31 /CAP_BANK_POSITIVE))
    (model ${KISYS3DMOD}/Capacitor_SMD.3dshapes/C_2220_5650Metric.wrl
      (at (xyz 0 0 0))
      (scale (xyz 1 1 1))
      (rotate (xyz 0 0 0))
    )
  )

  (module Capacitor_SMD:C_2220_5650Metric (layer B.Cu) (tedit 5B301BBE) (tstamp 5CB972DB)
    (at 179.55 90)
    (descr "Capacitor SMD 2220 (5650 Metric), square (rectangular) end terminal, IPC_7351 nominal, (Body size from: http://datasheets.avx.com/AVX-HV_MLCC.pdf), generated with kicad-footprint-generator")
    (tags capacitor)
    (path /5CAD327B)
    (attr smd)
    (fp_text reference CD7 (at -6.55 1) (layer B.SilkS)
      (effects (font (size 1 1) (thickness 0.15)) (justify mirror))
    )
    (fp_text value 0.47u (at -6.55 -1) (layer B.Fab)
      (effects (font (size 1 1) (thickness 0.15)) (justify mirror))
    )
    (fp_line (start -2.85 -2.5) (end -2.85 2.5) (layer B.Fab) (width 0.1))
    (fp_line (start -2.85 2.5) (end 2.85 2.5) (layer B.Fab) (width 0.1))
    (fp_line (start 2.85 2.5) (end 2.85 -2.5) (layer B.Fab) (width 0.1))
    (fp_line (start 2.85 -2.5) (end -2.85 -2.5) (layer B.Fab) (width 0.1))
    (fp_line (start -1.415748 2.61) (end 1.415748 2.61) (layer B.SilkS) (width 0.12))
    (fp_line (start -1.415748 -2.61) (end 1.415748 -2.61) (layer B.SilkS) (width 0.12))
    (fp_line (start -3.7 -2.95) (end -3.7 2.95) (layer B.CrtYd) (width 0.05))
    (fp_line (start -3.7 2.95) (end 3.7 2.95) (layer B.CrtYd) (width 0.05))
    (fp_line (start 3.7 2.95) (end 3.7 -2.95) (layer B.CrtYd) (width 0.05))
    (fp_line (start 3.7 -2.95) (end -3.7 -2.95) (layer B.CrtYd) (width 0.05))
    (fp_text user %R (at 0 0) (layer B.Fab)
      (effects (font (size 1 1) (thickness 0.15)) (justify mirror))
    )
    (pad 1 smd roundrect (at -2.55 0) (size 1.8 5.4) (layers B.Cu B.Paste B.Mask) (roundrect_rratio 0.138889)
      (net 31 /CAP_BANK_POSITIVE))
    (pad 2 smd roundrect (at 2.55 0) (size 1.8 5.4) (layers B.Cu B.Paste B.Mask) (roundrect_rratio 0.138889)
      (net 1 GND))
    (model ${KISYS3DMOD}/Capacitor_SMD.3dshapes/C_2220_5650Metric.wrl
      (at (xyz 0 0 0))
      (scale (xyz 1 1 1))
      (rotate (xyz 0 0 0))
    )
  )

  (module Capacitor_SMD:C_2220_5650Metric (layer B.Cu) (tedit 5B301BBE) (tstamp 5CB973FB)
    (at 179.55 83)
    (descr "Capacitor SMD 2220 (5650 Metric), square (rectangular) end terminal, IPC_7351 nominal, (Body size from: http://datasheets.avx.com/AVX-HV_MLCC.pdf), generated with kicad-footprint-generator")
    (tags capacitor)
    (path /5CAD3CAD)
    (attr smd)
    (fp_text reference CD8 (at -6.55 1) (layer B.SilkS)
      (effects (font (size 1 1) (thickness 0.15)) (justify mirror))
    )
    (fp_text value 0.47u (at -6.55 -1) (layer B.Fab)
      (effects (font (size 1 1) (thickness 0.15)) (justify mirror))
    )
    (fp_text user %R (at 0 0) (layer B.Fab)
      (effects (font (size 1 1) (thickness 0.15)) (justify mirror))
    )
    (fp_line (start 3.7 -2.95) (end -3.7 -2.95) (layer B.CrtYd) (width 0.05))
    (fp_line (start 3.7 2.95) (end 3.7 -2.95) (layer B.CrtYd) (width 0.05))
    (fp_line (start -3.7 2.95) (end 3.7 2.95) (layer B.CrtYd) (width 0.05))
    (fp_line (start -3.7 -2.95) (end -3.7 2.95) (layer B.CrtYd) (width 0.05))
    (fp_line (start -1.415748 -2.61) (end 1.415748 -2.61) (layer B.SilkS) (width 0.12))
    (fp_line (start -1.415748 2.61) (end 1.415748 2.61) (layer B.SilkS) (width 0.12))
    (fp_line (start 2.85 -2.5) (end -2.85 -2.5) (layer B.Fab) (width 0.1))
    (fp_line (start 2.85 2.5) (end 2.85 -2.5) (layer B.Fab) (width 0.1))
    (fp_line (start -2.85 2.5) (end 2.85 2.5) (layer B.Fab) (width 0.1))
    (fp_line (start -2.85 -2.5) (end -2.85 2.5) (layer B.Fab) (width 0.1))
    (pad 2 smd roundrect (at 2.55 0) (size 1.8 5.4) (layers B.Cu B.Paste B.Mask) (roundrect_rratio 0.138889)
      (net 1 GND))
    (pad 1 smd roundrect (at -2.55 0) (size 1.8 5.4) (layers B.Cu B.Paste B.Mask) (roundrect_rratio 0.138889)
      (net 31 /CAP_BANK_POSITIVE))
    (model ${KISYS3DMOD}/Capacitor_SMD.3dshapes/C_2220_5650Metric.wrl
      (at (xyz 0 0 0))
      (scale (xyz 1 1 1))
      (rotate (xyz 0 0 0))
    )
  )

  (module Capacitor_SMD:C_2220_5650Metric (layer B.Cu) (tedit 5B301BBE) (tstamp 5CB9739B)
    (at 179.55 76)
    (descr "Capacitor SMD 2220 (5650 Metric), square (rectangular) end terminal, IPC_7351 nominal, (Body size from: http://datasheets.avx.com/AVX-HV_MLCC.pdf), generated with kicad-footprint-generator")
    (tags capacitor)
    (path /5CAD3F42)
    (attr smd)
    (fp_text reference CD9 (at -6.55 1) (layer B.SilkS)
      (effects (font (size 1 1) (thickness 0.15)) (justify mirror))
    )
    (fp_text value 0.47u (at -6.55 -1) (layer B.Fab)
      (effects (font (size 1 1) (thickness 0.15)) (justify mirror))
    )
    (fp_line (start -2.85 -2.5) (end -2.85 2.5) (layer B.Fab) (width 0.1))
    (fp_line (start -2.85 2.5) (end 2.85 2.5) (layer B.Fab) (width 0.1))
    (fp_line (start 2.85 2.5) (end 2.85 -2.5) (layer B.Fab) (width 0.1))
    (fp_line (start 2.85 -2.5) (end -2.85 -2.5) (layer B.Fab) (width 0.1))
    (fp_line (start -1.415748 2.61) (end 1.415748 2.61) (layer B.SilkS) (width 0.12))
    (fp_line (start -1.415748 -2.61) (end 1.415748 -2.61) (layer B.SilkS) (width 0.12))
    (fp_line (start -3.7 -2.95) (end -3.7 2.95) (layer B.CrtYd) (width 0.05))
    (fp_line (start -3.7 2.95) (end 3.7 2.95) (layer B.CrtYd) (width 0.05))
    (fp_line (start 3.7 2.95) (end 3.7 -2.95) (layer B.CrtYd) (width 0.05))
    (fp_line (start 3.7 -2.95) (end -3.7 -2.95) (layer B.CrtYd) (width 0.05))
    (fp_text user %R (at 0 0) (layer B.Fab)
      (effects (font (size 1 1) (thickness 0.15)) (justify mirror))
    )
    (pad 1 smd roundrect (at -2.55 0) (size 1.8 5.4) (layers B.Cu B.Paste B.Mask) (roundrect_rratio 0.138889)
      (net 31 /CAP_BANK_POSITIVE))
    (pad 2 smd roundrect (at 2.55 0) (size 1.8 5.4) (layers B.Cu B.Paste B.Mask) (roundrect_rratio 0.138889)
      (net 1 GND))
    (model ${KISYS3DMOD}/Capacitor_SMD.3dshapes/C_2220_5650Metric.wrl
      (at (xyz 0 0 0))
      (scale (xyz 1 1 1))
      (rotate (xyz 0 0 0))
    )
  )

  (module Capacitor_SMD:C_2220_5650Metric (layer B.Cu) (tedit 5B301BBE) (tstamp 5CB9733B)
    (at 179.55 69)
    (descr "Capacitor SMD 2220 (5650 Metric), square (rectangular) end terminal, IPC_7351 nominal, (Body size from: http://datasheets.avx.com/AVX-HV_MLCC.pdf), generated with kicad-footprint-generator")
    (tags capacitor)
    (path /5CAD42D6)
    (attr smd)
    (fp_text reference CD10 (at -6.55 1) (layer B.SilkS)
      (effects (font (size 1 1) (thickness 0.15)) (justify mirror))
    )
    (fp_text value 0.47u (at -6.55 -1) (layer B.Fab)
      (effects (font (size 1 1) (thickness 0.15)) (justify mirror))
    )
    (fp_text user %R (at 0 0) (layer B.Fab)
      (effects (font (size 1 1) (thickness 0.15)) (justify mirror))
    )
    (fp_line (start 3.7 -2.95) (end -3.7 -2.95) (layer B.CrtYd) (width 0.05))
    (fp_line (start 3.7 2.95) (end 3.7 -2.95) (layer B.CrtYd) (width 0.05))
    (fp_line (start -3.7 2.95) (end 3.7 2.95) (layer B.CrtYd) (width 0.05))
    (fp_line (start -3.7 -2.95) (end -3.7 2.95) (layer B.CrtYd) (width 0.05))
    (fp_line (start -1.415748 -2.61) (end 1.415748 -2.61) (layer B.SilkS) (width 0.12))
    (fp_line (start -1.415748 2.61) (end 1.415748 2.61) (layer B.SilkS) (width 0.12))
    (fp_line (start 2.85 -2.5) (end -2.85 -2.5) (layer B.Fab) (width 0.1))
    (fp_line (start 2.85 2.5) (end 2.85 -2.5) (layer B.Fab) (width 0.1))
    (fp_line (start -2.85 2.5) (end 2.85 2.5) (layer B.Fab) (width 0.1))
    (fp_line (start -2.85 -2.5) (end -2.85 2.5) (layer B.Fab) (width 0.1))
    (pad 2 smd roundrect (at 2.55 0) (size 1.8 5.4) (layers B.Cu B.Paste B.Mask) (roundrect_rratio 0.138889)
      (net 1 GND))
    (pad 1 smd roundrect (at -2.55 0) (size 1.8 5.4) (layers B.Cu B.Paste B.Mask) (roundrect_rratio 0.138889)
      (net 31 /CAP_BANK_POSITIVE))
    (model ${KISYS3DMOD}/Capacitor_SMD.3dshapes/C_2220_5650Metric.wrl
      (at (xyz 0 0 0))
      (scale (xyz 1 1 1))
      (rotate (xyz 0 0 0))
    )
  )

  (module Capacitor_SMD:C_2220_5650Metric (layer B.Cu) (tedit 5B301BBE) (tstamp 5CB972AB)
    (at 179.45 62)
    (descr "Capacitor SMD 2220 (5650 Metric), square (rectangular) end terminal, IPC_7351 nominal, (Body size from: http://datasheets.avx.com/AVX-HV_MLCC.pdf), generated with kicad-footprint-generator")
    (tags capacitor)
    (path /5CAD4812)
    (attr smd)
    (fp_text reference CD11 (at -6.45 1) (layer B.SilkS)
      (effects (font (size 1 1) (thickness 0.15)) (justify mirror))
    )
    (fp_text value 0.47u (at -6.45 -1) (layer B.Fab)
      (effects (font (size 1 1) (thickness 0.15)) (justify mirror))
    )
    (fp_line (start -2.85 -2.5) (end -2.85 2.5) (layer B.Fab) (width 0.1))
    (fp_line (start -2.85 2.5) (end 2.85 2.5) (layer B.Fab) (width 0.1))
    (fp_line (start 2.85 2.5) (end 2.85 -2.5) (layer B.Fab) (width 0.1))
    (fp_line (start 2.85 -2.5) (end -2.85 -2.5) (layer B.Fab) (width 0.1))
    (fp_line (start -1.415748 2.61) (end 1.415748 2.61) (layer B.SilkS) (width 0.12))
    (fp_line (start -1.415748 -2.61) (end 1.415748 -2.61) (layer B.SilkS) (width 0.12))
    (fp_line (start -3.7 -2.95) (end -3.7 2.95) (layer B.CrtYd) (width 0.05))
    (fp_line (start -3.7 2.95) (end 3.7 2.95) (layer B.CrtYd) (width 0.05))
    (fp_line (start 3.7 2.95) (end 3.7 -2.95) (layer B.CrtYd) (width 0.05))
    (fp_line (start 3.7 -2.95) (end -3.7 -2.95) (layer B.CrtYd) (width 0.05))
    (fp_text user %R (at 0 0) (layer B.Fab)
      (effects (font (size 1 1) (thickness 0.15)) (justify mirror))
    )
    (pad 1 smd roundrect (at -2.55 0) (size 1.8 5.4) (layers B.Cu B.Paste B.Mask) (roundrect_rratio 0.138889)
      (net 31 /CAP_BANK_POSITIVE))
    (pad 2 smd roundrect (at 2.55 0) (size 1.8 5.4) (layers B.Cu B.Paste B.Mask) (roundrect_rratio 0.138889)
      (net 1 GND))
    (model ${KISYS3DMOD}/Capacitor_SMD.3dshapes/C_2220_5650Metric.wrl
      (at (xyz 0 0 0))
      (scale (xyz 1 1 1))
      (rotate (xyz 0 0 0))
    )
  )

  (module Capacitor_SMD:C_2220_5650Metric (layer B.Cu) (tedit 5B301BBE) (tstamp 5CB9727B)
    (at 179.45 55)
    (descr "Capacitor SMD 2220 (5650 Metric), square (rectangular) end terminal, IPC_7351 nominal, (Body size from: http://datasheets.avx.com/AVX-HV_MLCC.pdf), generated with kicad-footprint-generator")
    (tags capacitor)
    (path /5CAD4ADA)
    (attr smd)
    (fp_text reference CD12 (at -6.45 1) (layer B.SilkS)
      (effects (font (size 1 1) (thickness 0.15)) (justify mirror))
    )
    (fp_text value 0.47u (at -6.45 -1) (layer B.Fab)
      (effects (font (size 1 1) (thickness 0.15)) (justify mirror))
    )
    (fp_text user %R (at 0 0) (layer B.Fab)
      (effects (font (size 1 1) (thickness 0.15)) (justify mirror))
    )
    (fp_line (start 3.7 -2.95) (end -3.7 -2.95) (layer B.CrtYd) (width 0.05))
    (fp_line (start 3.7 2.95) (end 3.7 -2.95) (layer B.CrtYd) (width 0.05))
    (fp_line (start -3.7 2.95) (end 3.7 2.95) (layer B.CrtYd) (width 0.05))
    (fp_line (start -3.7 -2.95) (end -3.7 2.95) (layer B.CrtYd) (width 0.05))
    (fp_line (start -1.415748 -2.61) (end 1.415748 -2.61) (layer B.SilkS) (width 0.12))
    (fp_line (start -1.415748 2.61) (end 1.415748 2.61) (layer B.SilkS) (width 0.12))
    (fp_line (start 2.85 -2.5) (end -2.85 -2.5) (layer B.Fab) (width 0.1))
    (fp_line (start 2.85 2.5) (end 2.85 -2.5) (layer B.Fab) (width 0.1))
    (fp_line (start -2.85 2.5) (end 2.85 2.5) (layer B.Fab) (width 0.1))
    (fp_line (start -2.85 -2.5) (end -2.85 2.5) (layer B.Fab) (width 0.1))
    (pad 2 smd roundrect (at 2.55 0) (size 1.8 5.4) (layers B.Cu B.Paste B.Mask) (roundrect_rratio 0.138889)
      (net 1 GND))
    (pad 1 smd roundrect (at -2.55 0) (size 1.8 5.4) (layers B.Cu B.Paste B.Mask) (roundrect_rratio 0.138889)
      (net 31 /CAP_BANK_POSITIVE))
    (model ${KISYS3DMOD}/Capacitor_SMD.3dshapes/C_2220_5650Metric.wrl
      (at (xyz 0 0 0))
      (scale (xyz 1 1 1))
      (rotate (xyz 0 0 0))
    )
  )

  (module Capacitor_SMD:C_Elec_8x10.2 (layer F.Cu) (tedit 5BC8D926) (tstamp 5CB8BC85)
    (at 121.666 117.602 180)
    (descr "SMD capacitor, aluminum electrolytic nonpolar, 8.0x10.2mm")
    (tags "capacitor electrolyic nonpolar")
    (path /5D878FC7)
    (attr smd)
    (fp_text reference CIN1 (at 0 -5.2 180) (layer F.SilkS)
      (effects (font (size 1 1) (thickness 0.15)))
    )
    (fp_text value 22u (at 0 5.2 180) (layer F.Fab)
      (effects (font (size 1 1) (thickness 0.15)))
    )
    (fp_circle (center 0 0) (end 4 0) (layer F.Fab) (width 0.1))
    (fp_line (start 4.15 -4.15) (end 4.15 4.15) (layer F.Fab) (width 0.1))
    (fp_line (start -3.15 -4.15) (end 4.15 -4.15) (layer F.Fab) (width 0.1))
    (fp_line (start -3.15 4.15) (end 4.15 4.15) (layer F.Fab) (width 0.1))
    (fp_line (start -4.15 -3.15) (end -4.15 3.15) (layer F.Fab) (width 0.1))
    (fp_line (start -4.15 -3.15) (end -3.15 -4.15) (layer F.Fab) (width 0.1))
    (fp_line (start -4.15 3.15) (end -3.15 4.15) (layer F.Fab) (width 0.1))
    (fp_line (start 4.26 4.26) (end 4.26 1.31) (layer F.SilkS) (width 0.12))
    (fp_line (start 4.26 -4.26) (end 4.26 -1.31) (layer F.SilkS) (width 0.12))
    (fp_line (start -3.195563 -4.26) (end 4.26 -4.26) (layer F.SilkS) (width 0.12))
    (fp_line (start -3.195563 4.26) (end 4.26 4.26) (layer F.SilkS) (width 0.12))
    (fp_line (start -4.26 3.195563) (end -4.26 1.31) (layer F.SilkS) (width 0.12))
    (fp_line (start -4.26 -3.195563) (end -4.26 -1.31) (layer F.SilkS) (width 0.12))
    (fp_line (start -4.26 -3.195563) (end -3.195563 -4.26) (layer F.SilkS) (width 0.12))
    (fp_line (start -4.26 3.195563) (end -3.195563 4.26) (layer F.SilkS) (width 0.12))
    (fp_line (start 4.4 -4.4) (end 4.4 -1.3) (layer F.CrtYd) (width 0.05))
    (fp_line (start 4.4 -1.3) (end 6.1 -1.3) (layer F.CrtYd) (width 0.05))
    (fp_line (start 6.1 -1.3) (end 6.1 1.3) (layer F.CrtYd) (width 0.05))
    (fp_line (start 6.1 1.3) (end 4.4 1.3) (layer F.CrtYd) (width 0.05))
    (fp_line (start 4.4 1.3) (end 4.4 4.4) (layer F.CrtYd) (width 0.05))
    (fp_line (start -3.25 4.4) (end 4.4 4.4) (layer F.CrtYd) (width 0.05))
    (fp_line (start -3.25 -4.4) (end 4.4 -4.4) (layer F.CrtYd) (width 0.05))
    (fp_line (start -4.4 3.25) (end -3.25 4.4) (layer F.CrtYd) (width 0.05))
    (fp_line (start -4.4 -3.25) (end -3.25 -4.4) (layer F.CrtYd) (width 0.05))
    (fp_line (start -4.4 -3.25) (end -4.4 -1.3) (layer F.CrtYd) (width 0.05))
    (fp_line (start -4.4 1.3) (end -4.4 3.25) (layer F.CrtYd) (width 0.05))
    (fp_line (start -4.4 -1.3) (end -6.1 -1.3) (layer F.CrtYd) (width 0.05))
    (fp_line (start -6.1 -1.3) (end -6.1 1.3) (layer F.CrtYd) (width 0.05))
    (fp_line (start -6.1 1.3) (end -4.4 1.3) (layer F.CrtYd) (width 0.05))
    (fp_text user %R (at 0 0 180) (layer F.Fab)
      (effects (font (size 1 1) (thickness 0.15)))
    )
    (pad 1 smd roundrect (at -3.6 0 180) (size 4.5 2.1) (layers F.Cu F.Paste F.Mask) (roundrect_rratio 0.119048)
      (net 1 GND))
    (pad 2 smd roundrect (at 3.6 0 180) (size 4.5 2.1) (layers F.Cu F.Paste F.Mask) (roundrect_rratio 0.119048)
      (net 2 PM_VIN))
    (model ${KISYS3DMOD}/Capacitor_SMD.3dshapes/C_Elec_8x10.2.wrl
      (at (xyz 0 0 0))
      (scale (xyz 1 1 1))
      (rotate (xyz 0 0 0))
    )
  )

  (module Capacitor_SMD:C_Elec_8x10.2 (layer F.Cu) (tedit 5BC8D926) (tstamp 5CBBDB2A)
    (at 141.224 128.016 90)
    (descr "SMD capacitor, aluminum electrolytic nonpolar, 8.0x10.2mm")
    (tags "capacitor electrolyic nonpolar")
    (path /5CF6231C)
    (attr smd)
    (fp_text reference CIN2 (at 0 -5.2 90) (layer F.SilkS)
      (effects (font (size 1 1) (thickness 0.15)))
    )
    (fp_text value 22u (at 0 5.2 90) (layer F.Fab)
      (effects (font (size 1 1) (thickness 0.15)))
    )
    (fp_text user %R (at 0 0 90) (layer F.Fab)
      (effects (font (size 1 1) (thickness 0.15)))
    )
    (fp_line (start -6.1 1.3) (end -4.4 1.3) (layer F.CrtYd) (width 0.05))
    (fp_line (start -6.1 -1.3) (end -6.1 1.3) (layer F.CrtYd) (width 0.05))
    (fp_line (start -4.4 -1.3) (end -6.1 -1.3) (layer F.CrtYd) (width 0.05))
    (fp_line (start -4.4 1.3) (end -4.4 3.25) (layer F.CrtYd) (width 0.05))
    (fp_line (start -4.4 -3.25) (end -4.4 -1.3) (layer F.CrtYd) (width 0.05))
    (fp_line (start -4.4 -3.25) (end -3.25 -4.4) (layer F.CrtYd) (width 0.05))
    (fp_line (start -4.4 3.25) (end -3.25 4.4) (layer F.CrtYd) (width 0.05))
    (fp_line (start -3.25 -4.4) (end 4.4 -4.4) (layer F.CrtYd) (width 0.05))
    (fp_line (start -3.25 4.4) (end 4.4 4.4) (layer F.CrtYd) (width 0.05))
    (fp_line (start 4.4 1.3) (end 4.4 4.4) (layer F.CrtYd) (width 0.05))
    (fp_line (start 6.1 1.3) (end 4.4 1.3) (layer F.CrtYd) (width 0.05))
    (fp_line (start 6.1 -1.3) (end 6.1 1.3) (layer F.CrtYd) (width 0.05))
    (fp_line (start 4.4 -1.3) (end 6.1 -1.3) (layer F.CrtYd) (width 0.05))
    (fp_line (start 4.4 -4.4) (end 4.4 -1.3) (layer F.CrtYd) (width 0.05))
    (fp_line (start -4.26 3.195563) (end -3.195563 4.26) (layer F.SilkS) (width 0.12))
    (fp_line (start -4.26 -3.195563) (end -3.195563 -4.26) (layer F.SilkS) (width 0.12))
    (fp_line (start -4.26 -3.195563) (end -4.26 -1.31) (layer F.SilkS) (width 0.12))
    (fp_line (start -4.26 3.195563) (end -4.26 1.31) (layer F.SilkS) (width 0.12))
    (fp_line (start -3.195563 4.26) (end 4.26 4.26) (layer F.SilkS) (width 0.12))
    (fp_line (start -3.195563 -4.26) (end 4.26 -4.26) (layer F.SilkS) (width 0.12))
    (fp_line (start 4.26 -4.26) (end 4.26 -1.31) (layer F.SilkS) (width 0.12))
    (fp_line (start 4.26 4.26) (end 4.26 1.31) (layer F.SilkS) (width 0.12))
    (fp_line (start -4.15 3.15) (end -3.15 4.15) (layer F.Fab) (width 0.1))
    (fp_line (start -4.15 -3.15) (end -3.15 -4.15) (layer F.Fab) (width 0.1))
    (fp_line (start -4.15 -3.15) (end -4.15 3.15) (layer F.Fab) (width 0.1))
    (fp_line (start -3.15 4.15) (end 4.15 4.15) (layer F.Fab) (width 0.1))
    (fp_line (start -3.15 -4.15) (end 4.15 -4.15) (layer F.Fab) (width 0.1))
    (fp_line (start 4.15 -4.15) (end 4.15 4.15) (layer F.Fab) (width 0.1))
    (fp_circle (center 0 0) (end 4 0) (layer F.Fab) (width 0.1))
    (pad 2 smd roundrect (at 3.6 0 90) (size 4.5 2.1) (layers F.Cu F.Paste F.Mask) (roundrect_rratio 0.119048)
      (net 2 PM_VIN))
    (pad 1 smd roundrect (at -3.6 0 90) (size 4.5 2.1) (layers F.Cu F.Paste F.Mask) (roundrect_rratio 0.119048)
      (net 1 GND))
    (model ${KISYS3DMOD}/Capacitor_SMD.3dshapes/C_Elec_8x10.2.wrl
      (at (xyz 0 0 0))
      (scale (xyz 1 1 1))
      (rotate (xyz 0 0 0))
    )
  )

  (module Capacitor_SMD:C_Elec_6.3x7.7 (layer F.Cu) (tedit 5BC8D926) (tstamp 5CB8BCCD)
    (at 103.632 110.236 90)
    (descr "SMD capacitor, aluminum electrolytic nonpolar, 6.3x7.7mm")
    (tags "capacitor electrolyic nonpolar")
    (path /5D22FB1B)
    (attr smd)
    (fp_text reference COUT1 (at 0 -4.35 90) (layer F.SilkS)
      (effects (font (size 1 1) (thickness 0.15)))
    )
    (fp_text value 330u (at 0 4.35 90) (layer F.Fab)
      (effects (font (size 1 1) (thickness 0.15)))
    )
    (fp_circle (center 0 0) (end 3.15 0) (layer F.Fab) (width 0.1))
    (fp_line (start 3.3 -3.3) (end 3.3 3.3) (layer F.Fab) (width 0.1))
    (fp_line (start -2.3 -3.3) (end 3.3 -3.3) (layer F.Fab) (width 0.1))
    (fp_line (start -2.3 3.3) (end 3.3 3.3) (layer F.Fab) (width 0.1))
    (fp_line (start -3.3 -2.3) (end -3.3 2.3) (layer F.Fab) (width 0.1))
    (fp_line (start -3.3 -2.3) (end -2.3 -3.3) (layer F.Fab) (width 0.1))
    (fp_line (start -3.3 2.3) (end -2.3 3.3) (layer F.Fab) (width 0.1))
    (fp_line (start 3.41 3.41) (end 3.41 1.06) (layer F.SilkS) (width 0.12))
    (fp_line (start 3.41 -3.41) (end 3.41 -1.06) (layer F.SilkS) (width 0.12))
    (fp_line (start -2.345563 -3.41) (end 3.41 -3.41) (layer F.SilkS) (width 0.12))
    (fp_line (start -2.345563 3.41) (end 3.41 3.41) (layer F.SilkS) (width 0.12))
    (fp_line (start -3.41 2.345563) (end -3.41 1.06) (layer F.SilkS) (width 0.12))
    (fp_line (start -3.41 -2.345563) (end -3.41 -1.06) (layer F.SilkS) (width 0.12))
    (fp_line (start -3.41 -2.345563) (end -2.345563 -3.41) (layer F.SilkS) (width 0.12))
    (fp_line (start -3.41 2.345563) (end -2.345563 3.41) (layer F.SilkS) (width 0.12))
    (fp_line (start 3.55 -3.55) (end 3.55 -1.05) (layer F.CrtYd) (width 0.05))
    (fp_line (start 3.55 -1.05) (end 4.45 -1.05) (layer F.CrtYd) (width 0.05))
    (fp_line (start 4.45 -1.05) (end 4.45 1.05) (layer F.CrtYd) (width 0.05))
    (fp_line (start 4.45 1.05) (end 3.55 1.05) (layer F.CrtYd) (width 0.05))
    (fp_line (start 3.55 1.05) (end 3.55 3.55) (layer F.CrtYd) (width 0.05))
    (fp_line (start -2.4 3.55) (end 3.55 3.55) (layer F.CrtYd) (width 0.05))
    (fp_line (start -2.4 -3.55) (end 3.55 -3.55) (layer F.CrtYd) (width 0.05))
    (fp_line (start -3.55 2.4) (end -2.4 3.55) (layer F.CrtYd) (width 0.05))
    (fp_line (start -3.55 -2.4) (end -2.4 -3.55) (layer F.CrtYd) (width 0.05))
    (fp_line (start -3.55 -2.4) (end -3.55 -1.05) (layer F.CrtYd) (width 0.05))
    (fp_line (start -3.55 1.05) (end -3.55 2.4) (layer F.CrtYd) (width 0.05))
    (fp_line (start -3.55 -1.05) (end -4.45 -1.05) (layer F.CrtYd) (width 0.05))
    (fp_line (start -4.45 -1.05) (end -4.45 1.05) (layer F.CrtYd) (width 0.05))
    (fp_line (start -4.45 1.05) (end -3.55 1.05) (layer F.CrtYd) (width 0.05))
    (fp_text user %R (at 0 0 90) (layer F.Fab)
      (effects (font (size 1 1) (thickness 0.15)))
    )
    (pad 1 smd roundrect (at -2.5375 0 90) (size 3.325 1.6) (layers F.Cu F.Paste F.Mask) (roundrect_rratio 0.15625)
      (net 3 VCC))
    (pad 2 smd roundrect (at 2.5375 0 90) (size 3.325 1.6) (layers F.Cu F.Paste F.Mask) (roundrect_rratio 0.15625)
      (net 1 GND))
    (model ${KISYS3DMOD}/Capacitor_SMD.3dshapes/C_Elec_6.3x7.7.wrl
      (at (xyz 0 0 0))
      (scale (xyz 1 1 1))
      (rotate (xyz 0 0 0))
    )
  )

  (module Capacitor_SMD:C_Elec_6.3x7.7 (layer F.Cu) (tedit 5BC8D926) (tstamp 5CB8BCF1)
    (at 138.43 99.314 180)
    (descr "SMD capacitor, aluminum electrolytic nonpolar, 6.3x7.7mm")
    (tags "capacitor electrolyic nonpolar")
    (path /5CF48B4F)
    (attr smd)
    (fp_text reference COUT2 (at 0 -4.35 180) (layer F.SilkS)
      (effects (font (size 1 1) (thickness 0.15)))
    )
    (fp_text value 330u (at 0 4.35 180) (layer F.Fab)
      (effects (font (size 1 1) (thickness 0.15)))
    )
    (fp_text user %R (at 0 0 180) (layer F.Fab)
      (effects (font (size 1 1) (thickness 0.15)))
    )
    (fp_line (start -4.45 1.05) (end -3.55 1.05) (layer F.CrtYd) (width 0.05))
    (fp_line (start -4.45 -1.05) (end -4.45 1.05) (layer F.CrtYd) (width 0.05))
